0.999043 -0.191494
0.996171 -0.382621
0.991391 -0.573015
0.984712 -0.762312
0.976146 -0.950148
0.96571 -1.13616
0.953423 -1.32
0.93931 -1.50131
0.923398 -1.67975
0.905716 -1.85497
0.886299 -2.02663
0.865185 -2.19441
0.842412 -2.35799
0.818026 -2.51704
0.792072 -2.67128
0.764601 -2.8204
0.735665 -2.96412
0.705319 -3.10215
0.673622 -3.23425
0.640635 -3.36014
0.60642 -3.47961
0.571043 -3.5924
0.534573 -3.69831
0.497078 -3.79714
0.45863 -3.88869
0.419304 -3.97279
0.379175 -4.04928
0.338319 -4.11801
0.296815 -4.17886
0.254742 -4.23169
0.212181 -4.27642
0.169214 -4.31296
0.125922 -4.34123
0.0823895 -4.36119
0.0386987 -4.37279
-0.00506623 -4.37602
-0.0488215 -4.37086
-0.0924834 -4.35732
-0.135968 -4.33544
-0.179192 -4.30525
-0.222073 -4.26682
-0.264529 -4.2202
-0.306477 -4.16551
-0.347839 -4.10283
-0.388534 -4.03229
-0.428485 -3.95403
-0.467615 -3.86819
-0.50585 -3.77494
-0.543115 -3.67446
-0.579339 -3.56694
-0.614454 -3.45259
-0.648392 -3.33162
-0.681087 -3.20426
-0.712477 -3.07077
-0.742503 -2.9314
-0.771106 -2.78641
-0.798232 -2.63608
-0.823828 -2.48069
-0.847846 -2.32056
-0.87024 -2.15598
-0.890967 -1.98727
-0.909986 -1.81476
-0.927263 -1.63876
-0.942763 -1.45963
-0.956456 -1.2777
-0.968317 -1.09332
-0.978323 -0.906844
-0.986455 -0.718633
-0.992697 -0.529045
-0.997037 -0.338443
-0.999467 -0.147193
-0.999982 0.0443398
-0.998581 0.235788
-0.995267 0.426784
-0.990046 0.616963
-0.982928 0.80596
-0.973928 0.993413
-0.963061 1.17896
-0.950349 1.36225
-0.935817 1.54294
-0.919492 1.72066
-0.901405 1.89509
-0.881591 2.06589
-0.860088 2.23273
-0.836937 2.39529
-0.812183 2.55327
-0.785872 2.70635
-0.758056 2.85425
-0.728788 2.99668
-0.698123 3.13337
-0.666121 3.26406
-0.632843 3.38849
-0.598352 3.50643
-0.562715 3.61765
-0.525999 3.72195
-0.488276 3.81911
-0.449618 3.90895
-0.410098 3.99131
-0.369792 4.06602
-0.328778 4.13294
-0.287134 4.19194
-0.244939 4.24291
-0.202276 4.28575
-0.159224 4.32038
-0.115868 4.34674
-0.0722898 4.36476
-0.028573 4.37443
0.0151987 4.37571
0.0589412 4.36861
0.102571 4.35314
0.146004 4.32933
0.189158 4.29723
0.231949 4.25689
0.274296 4.2084
0.316117 4.15184
0.357333 4.08733
0.397864 4.01499
0.437633 3.93496
0.476564 3.84739
0.514581 3.75245
0.551613 3.65031
0.587588 3.54119
0.622437 3.42528
0.656094 3.30281
0.688494 3.17401
0.719575 3.03912
0.749277 2.89842
0.777544 2.75216
0.804321 2.60063
0.829557 2.44412
0.853204 2.28293
0.875216 2.11736
0.895552 1.94773
0.914172 1.77437
0.93104 1.59762
0.946125 1.4178
0.959397 1.23526
0.970831 1.05036
0.980405 0.863449
0.988101 0.674881
0.993904 0.485019
0.997802 0.294228
0.999789 0.102874
0.999861 -0.088678
0.998017 -0.28006
0.99426 -0.470906
0.988599 -0.66085
0.981044 -0.849528
0.97161 -1.03658
0.960314 -1.22164
0.947178 -1.40437
0.932227 -1.5844
0.915491 -1.7614
0.897 -1.93502
0.876791 -2.10494
0.854902 -2.27083
0.831375 -2.43236
0.806256 -2.58923
0.779591 -2.74115
0.751433 -2.88781
0.721836 -3.02894
0.690855 -3.16427
0.658551 -3.29353
0.624985 -3.41649
0.590222 -3.5329
0.554328 -3.64254
0.517372 -3.7452
0.479424 -3.84069
0.440558 -3.92882
0.400849 -4.00942
0.360371 -4.08234
0.319202 -4.14744
0.277422 -4.2046
0.23511 -4.25369
0.192348 -4.29464
0.149218 -4.32736
0.105801 -4.3518
0.062182 -4.36789
0.0184436 -4.37561
-0.0253302 -4.37496
-0.0690555 -4.36592
-0.112649 -4.34851
-0.156026 -4.32278
-0.199104 -4.28876
-0.241801 -4.24653
-0.284035 -4.19616
-0.325725 -4.13775
-0.36679 -4.07141
-0.407153 -3.99728
-0.446736 -3.91548
-0.485463 -3.82619
-0.52326 -3.72956
-0.560055 -3.62579
-0.595777 -3.51507
-0.630357 -3.39762
-0.663729 -3.27365
-0.695831 -3.14342
-0.726598 -3.00716
-0.755974 -2.86514
-0.783902 -2.71764
-0.810328 -2.56492
-0.835201 -2.40729
-0.858474 -2.24505
-0.880103 -2.07851
-0.900045 -1.90799
-0.918264 -1.73381
-0.934722 -1.55631
-0.949391 -1.37582
-0.96224 -1.1927
-0.973245 -1.0073
-0.982387 -0.819962
-0.989646 -0.631056
-0.995009 -0.440941
-0.998465 -0.249981
-1.00001 -0.0585415
-0.999637 0.13301
-0.99735 0.324307
-0.993152 0.514983
-0.987051 0.704672
-0.979059 0.893011
-0.969192 1.07964
-0.957467 1.2642
-0.943909 1.44634
-0.928541 1.62571
-0.911395 1.80196
-0.892503 1.97476
-0.871901 2.14378
-0.849628 2.30869
-0.825728 2.46918
-0.800246 2.62494
-0.77323 2.77566
-0.744733 2.92108
-0.714809 3.06089
-0.683516 3.19484
-0.650913 3.32267
-0.617063 3.44414
-0.582031 3.559
-0.545884 3.66705
-0.50869 3.76807
-0.470523 3.86188
-0.431453 3.94828
-0.391557 4.02712
-0.350911 4.09824
-0.309593 4.16152
-0.267681 4.21682
-0.225257 4.26404
-0.182401 4.30309
-0.139195 4.3339
-0.0957229 4.35641
-0.0520671 4.37057
-0.00831163 4.37635
0.0354599 4.37375
0.0791634 4.36278
0.122715 4.34344
0.166032 4.31578
0.209031 4.27985
0.25163 4.23573
0.293746 4.18349
0.3353 4.12323
0.376211 4.05508
0.416401 3.97915
0.455794 3.8956
0.494314 3.80459
0.531886 3.70629
0.56844 3.60089
0.603905 3.48859
0.638212 3.3696
0.671297 3.24416
0.703096 3.11251
0.733548 2.97489
0.762595 2.83157
0.79018 2.68283
0.816252 2.52895
0.84076 2.37022
0.863657 2.20695
0.8849 2.03945
0.904447 1.86804
0.922261 1.69306
0.938309 1.51483
0.952559 1.3337
0.964984 1.15001
0.97556 0.964125
0.984267 0.776388
0.991089 0.587164
0.996011 0.396814
0.999026 0.205704
1.00013 0.0142002
0.999311 -0.177331
0.996581 -0.368523
0.991941 -0.559009
0.985401 -0.748425
0.976974 -0.936406
0.966674 -1.12259
0.954523 -1.30663
0.940542 -1.48817
0.92476 -1.66685
0.907206 -1.84234
0.887914 -2.0143
0.866921 -2.1824
0.844267 -2.34632
0.819995 -2.50575
0.794153 -2.66037
0.766789 -2.8099
0.737956 -2.95404
0.707709 -3.09253
0.676106 -3.22509
0.643207 -3.35147
0.609077 -3.47143
0.573779 -3.58474
0.537383 -3.69119
0.499956 -3.79056
0.461572 -3.88267
0.422303 -3.96734
0.382226 -4.04441
0.341416 -4.11373
0.299951 -4.17517
0.257912 -4.22861
0.215379 -4.27395
0.172434 -4.3111
0.129158 -4.33999
0.085634 -4.36057
0.0419463 -4.3728
-0.00182184 -4.37664
-0.0455865 -4.3721
-0.0892639 -4.35919
-0.13277 -4.33792
-0.176022 -4.30834
-0.218937 -4.27051
-0.261433 -4.22449
-0.303427 -4.17039
-0.344841 -4.10829
-0.385593 -4.03832
-0.425607 -3.96062
-0.464806 -3.87532
-0.503114 -3.7826
-0.540458 -3.68264
-0.576767 -3.57562
-0.611971 -3.46175
-0.646003 -3.34124
-0.678797 -3.21434
-0.71029 -3.08128
-0.740423 -2.94231
-0.769137 -2.79771
-0.796378 -2.64774
-0.822093 -2.49271
-0.846233 -2.33289
-0.868751 -2.16861
-0.889606 -2.00018
-0.908756 -1.82791
-0.926165 -1.65214
-0.941799 -1.4732
-0.955629 -1.29144
-0.967629 -1.10721
-0.977774 -0.920851
-0.986047 -0.732732
-0.99243 -0.543208
-0.996912 -0.352644
-0.999484 -0.161404
-1.00014 0.0301455
-0.998882 0.221637
-0.995709 0.412705
-0.990629 0.602982
-0.98365 0.792104
-0.974787 0.979708
-0.964057 1.16544
-0.95148 1.34893
-0.937079 1.52984
-0.920884 1.70782
-0.902924 1.88253
-0.883234 2.05363
-0.861852 2.2208
-0.838819 2.38371
-0.814178 2.54206
-0.787978 2.69553
-0.760269 2.84385
-0.731102 2.98671
-0.700535 3.12385
-0.668626 3.25501
-0.635435 3.37993
-0.601028 3.49838
-0.565469 3.61012
-0.528826 3.71495
-0.49117 3.81266
-0.452573 3.90306
-0.413109 3.98599
-0.372854 4.06128
-0.331884 4.12879
-0.290278 4.18839
-0.248117 4.23997
-0.205479 4.28342
-0.162448 4.31867
-0.119106 4.34564
-0.0755356 4.36429
-0.0318204 4.37457
0.0119558 4.37648
0.0557091 4.37
0.0993558 4.35515
0.142812 4.33195
0.185995 4.30046
0.228821 4.26072
0.27121 4.21282
0.313078 4.15686
0.354347 4.09292
0.394937 4.02115
0.43477 3.94167
0.473771 3.85464
0.511863 3.76023
0.548976 3.65861
0.585036 3.54998
0.619976 3.43455
0.653728 3.31254
0.686227 3.18418
0.717412 3.04973
0.747222 2.90943
0.775601 2.76355
0.802494 2.61238
0.827849 2.45621
0.851619 2.29533
0.873757 2.13005
0.894221 1.96069
0.912971 1.78758
0.929973 1.61104
0.945193 1.43141
0.958602 1.24904
0.970175 1.06428
0.979889 0.87748
0.987725 0.688997
0.99367 0.499194
0.99771 0.308435
0.999839 0.117084
1.00005 -0.074491
0.99835 -0.265924
0.994735 -0.456847
0.989214 -0.646895
0.981798 -0.835704
0.972501 -1.02291
0.961341 -1.20816
0.948339 -1.39109
0.93352 -1.57136
0.916912 -1.74862
0.898548 -1.92253
0.878463 -2.09276
0.856694 -2.25897
0.833284 -2.42086
0.808277 -2.57811
0.781722 -2.73042
0.75367 -2.8775
0.724173 -3.01907
0.693289 -3.15486
0.661077 -3.2846
0.627598 -3.40804
0.592916 -3.52496
0.557099 -3.63513
0.520214 -3.73833
0.482333 -3.83437
0.443528 -3.92306
0.403872 -4.00423
0.363443 -4.07774
0.322318 -4.14343
0.280575 -4.20119
0.238294 -4.25089
0.195557 -4.29245
0.152446 -4.32579
0.109042 -4.35084
0.0654289 -4.36756
0.0216906 -4.37591
-0.0220892 -4.37587
-0.0658267 -4.36745
-0.109438 -4.35066
-0.15284 -4.32554
-0.195949 -4.29213
-0.238683 -4.2505
-0.280959 -4.20072
-0.322697 -4.1429
-0.363817 -4.07714
-0.40424 -4.00356
-0.443889 -3.92232
-0.482687 -3.83356
-0.520561 -3.73746
-0.557437 -3.6342
-0.593245 -3.52397
-0.627917 -3.407
-0.661386 -3.28349
-0.693587 -3.1537
-0.72446 -3.01786
-0.753945 -2.87624
-0.781986 -2.72911
-0.808528 -2.57675
-0.833522 -2.41946
-0.856918 -2.25753
-0.878673 -2.09127
-0.898744 -1.92101
-0.917094 -1.74707
-0.933686 -1.56977
-0.94849 -1.38948
-0.961477 -1.20652
-0.972621 -1.02124
-0.981903 -0.834016
-0.989303 -0.645189
-0.994807 -0.455126
-0.998406 -0.264191
-1.00009 -0.0727492
-0.999862 0.118832
-0.997716 0.310185
-0.993659 0.500945
-0.987698 0.690745
-0.979845 0.879221
-0.970115 1.06601
-0.958526 1.25076
-0.9451 1.43312
-0.929864 1.61273
-0.912847 1.78925
-0.89408 1.96234
-0.873601 2.13167
-0.851448 2.29692
-0.827663 2.45776
-0.802293 2.6139
-0.775386 2.76504
-0.746993 2.91087
-0.717169 3.05113
-0.685971 3.18554
-0.653459 3.31385
-0.619695 3.43581
-0.584744 3.55119
-0.548672 3.65976
-0.511549 3.76132
-0.473446 3.85568
-0.434436 3.94265
-0.394593 4.02207
-0.353995 4.09378
-0.312718 4.15765
-0.270842 4.21355
-0.228447 4.26138
-0.185615 4.30105
-0.142427 4.33247
-0.0989654 4.3556
-0.0553147 4.37038
-0.011558 4.37679
0.032221 4.37481
0.0759382 4.36445
0.11951 4.34573
0.162853 4.31868
0.205884 4.28336
0.24852 4.23984
0.290681 4.18819
0.332284 4.12851
0.373251 4.06093
0.413503 3.98557
0.452963 3.90257
0.491555 3.81209
0.529205 3.71431
0.565842 3.60942
0.601394 3.4976
0.635794 3.37909
0.668976 3.25411
0.700877 3.12289
0.731435 2.98568
0.760591 2.84276
0.788291 2.69439
0.81448 2.54086
0.839108 2.38246
0.86213 2.21949
0.883499 2.05227
0.903176 1.88112
0.921122 1.70637
0.937304 1.52835
0.95169 1.3474
0.964253 1.16386
0.974968 0.9781
0.983816 0.790463
0.990778 0.601312
0.995843 0.411008
0.998999 0.219917
1.00024 0.028404
0.999568 -0.163163
