1 -0.191494
0.998085 -0.382988
0.994255 -0.574115
0.988514 -0.764508
0.980869 -0.953803
0.971331 -1.14163
0.959915 -1.32764
0.946638 -1.51145
0.931524 -1.69273
0.914596 -1.87111
0.895885 -2.04625
0.875423 -2.21781
0.853245 -2.38544
0.82939 -2.54884
0.803902 -2.70766
0.776825 -2.8616
0.748209 -3.01036
0.718106 -3.15364
0.686569 -3.29115
0.653658 -3.42262
0.619432 -3.54779
0.583954 -3.66641
0.54729 -3.77823
0.509507 -3.88304
0.470677 -3.9806
0.430871 -4.07074
0.390164 -4.15325
0.348631 -4.22796
0.306352 -4.29472
0.263404 -4.35338
0.21987 -4.40382
0.175832 -4.44593
0.131373 -4.4796
0.086577 -4.50476
0.0415294 -4.52133
-0.00368395 -4.52929
-0.0489768 -4.52858
-0.0942626 -4.5192
-0.139455 -4.50115
-0.184466 -4.47445
-0.229211 -4.43912
-0.273602 -4.39523
-0.317554 -4.34284
-0.360983 -4.28203
-0.403803 -4.2129
-0.445932 -4.13558
-0.487288 -4.05018
-0.52779 -3.95687
-0.567358 -3.8558
-0.605916 -3.74716
-0.643388 -3.63113
-0.679699 -3.50792
-0.714778 -3.37777
-0.748556 -3.24089
-0.780965 -3.09755
-0.81194 -2.948
-0.84142 -2.79251
-0.869345 -2.63139
-0.895659 -2.46491
-0.920308 -2.2934
-0.943242 -2.11717
-0.964414 -1.93654
-0.98378 -1.75186
-1.0013 -1.56347
-1.01693 -1.37173
-1.03065 -1.177
-1.04242 -0.979633
-1.05222 -0.780016
-1.06002 -0.578523
-1.0658 -0.375537
-1.06956 -0.171442
-1.07127 0.0333713
-1.07094 0.238513
-1.06855 0.443591
-1.06412 0.648212
-1.05763 0.851984
-1.04912 1.05451
-1.03857 1.25541
-1.02602 1.45429
-1.01147 1.65077
-0.994965 1.84446
-0.976521 2.03499
-0.956171 2.22199
-0.933951 2.40509
-0.9099 2.58393
-0.884061 2.75817
-0.856479 2.92747
-0.827204 3.09148
-0.796289 3.24988
-0.763791 3.40236
-0.729767 3.54863
-0.694281 3.68837
-0.657397 3.82132
-0.619184 3.94721
-0.579712 4.06578
-0.539054 4.17679
-0.497286 4.28002
-0.454486 4.37524
-0.410733 4.46227
-0.366111 4.54093
-0.320701 4.61104
-0.274591 4.67245
-0.227867 4.72503
-0.180616 4.76866
-0.13293 4.80325
-0.0848971 4.82871
-0.03661 4.84496
0.0118396 4.85197
0.0603594 4.84971
0.108856 4.83815
0.157238 4.8173
0.205411 4.78719
0.253283 4.74786
0.300762 4.69936
0.347755 4.64176
0.394173 4.57517
0.439924 4.49969
0.484921 4.41545
0.529076 4.32259
0.572302 4.22127
0.614514 4.11168
0.655631 3.994
0.695571 3.86845
0.734256 3.73526
0.771608 3.59465
0.807555 3.44689
0.842024 3.29225
0.874946 3.13101
0.906256 2.96346
0.935891 2.78992
0.96379 2.6107
0.989897 2.42614
1.01416 2.23658
1.03652 2.04238
1.05695 1.84389
1.07539 1.64149
1.0918 1.43556
1.10616 1.22649
1.11842 1.01467
1.12857 0.800495
1.13657 0.584381
1.14242 0.366735
1.14609 0.147969
1.14757 -0.0714995
1.14685 -0.291251
1.14394 -0.510866
1.13883 -0.729923
1.13153 -0.948001
1.12205 -1.16468
1.1104 -1.37955
1.09661 -1.59218
1.08069 -1.80218
1.06266 -2.00912
1.04257 -2.21261
1.02045 -2.41226
0.996324 -2.60767
0.970247 -2.79846
0.942262 -2.98426
0.91242 -3.16469
0.880773 -3.33942
0.847379 -3.50808
0.812298 -3.67035
0.775595 -3.8259
0.737336 -3.97442
0.697591 -4.11561
0.656435 -4.2492
0.613943 -4.3749
0.570194 -4.49247
0.52527 -4.60166
0.479253 -4.70224
0.432231 -4.79402
0.384291 -4.87678
0.335523 -4.95037
0.286019 -5.01462
0.235873 -5.0694
0.185179 -5.11456
0.134033 -5.15002
0.0825329 -5.17569
0.030776 -5.1915
-0.0211389 -5.19739
-0.0731128 -5.19334
-0.125046 -5.17934
-0.17684 -5.15539
-0.228394 -5.12153
-0.279609 -5.07779
-0.330387 -5.02425
-0.380629 -4.96098
-0.430239 -4.8881
-0.47912 -4.80571
-0.527177 -4.71396
-0.574317 -4.61301
-0.620447 -4.50303
-0.665477 -4.38422
-0.709319 -4.25678
-0.751887 -4.12095
-0.793097 -3.97697
-0.832866 -3.8251
-0.871117 -3.66561
-0.907774 -3.4988
-0.942762 -3.32496
-0.976011 -3.14443
-1.00746 -2.95753
-1.03703 -2.76461
-1.06468 -2.56602
-1.09034 -2.36215
-1.11396 -2.15335
-1.13549 -1.94004
-1.15489 -1.7226
-1.17212 -1.50144
-1.18713 -1.27699
-1.1999 -1.04966
-1.2104 -0.819886
-1.2186 -0.588102
-1.22448 -0.354748
-1.22803 -0.120268
-1.22923 0.114891
-1.22808 0.350281
-1.22458 0.585451
-1.21872 0.81995
-1.21052 1.05333
-1.19999 1.28514
-1.18714 1.51493
-1.17199 1.74226
-1.15457 1.96668
-1.1349 2.18778
-1.11302 2.4051
-1.08897 2.61824
-1.06279 2.82677
-1.03452 3.03029
-1.00422 3.22839
-0.971935 3.42069
-0.937728 3.60681
-0.90166 3.78638
-0.863796 3.95905
-0.824205 4.12446
-0.782961 4.28229
-0.740138 4.43222
-0.695816 4.57395
-0.650076 4.7072
-0.603004 4.83168
-0.554687 4.94715
-0.505216 5.05337
-0.454682 5.15012
-0.403181 5.23719
-0.350809 5.31439
-0.297665 5.38157
-0.243849 5.43857
-0.189464 5.48527
-0.134611 5.52155
-0.0793956 5.54733
-0.0239224 5.56253
0.0317029 5.56711
0.087374 5.56104
0.142984 5.54431
0.198428 5.51693
0.253597 5.47893
0.308386 5.43037
0.36269 5.37131
0.416403 5.30186
0.469421 5.22212
0.521643 5.13223
0.572965 5.03234
0.623288 4.92262
0.672515 4.80326
0.720547 4.67448
0.767292 4.5365
0.812657 4.38957
0.856553 4.23395
0.898892 4.06993
0.939592 3.89779
0.978569 3.71787
1.01575 3.53048
1.05105 3.33597
1.08441 3.1347
1.11576 2.92704
1.14503 2.71338
1.17216 2.49411
1.1971 2.26965
1.2198 2.04041
1.24021 1.80683
1.25827 1.56934
1.27397 1.32839
1.28725 1.08443
1.2981 0.837928
1.30647 0.589351
1.31237 0.339169
1.31576 0.0878591
1.31664 -0.164101
1.315 -0.416229
1.31084 -0.668043
1.30415 -0.919059
1.29496 -1.1688
1.28328 -1.41677
1.26911 -1.66251
1.25248 -1.90554
1.23343 -2.14538
1.21197 -2.38158
1.18816 -2.61366
1.16202 -2.84119
1.13361 -3.06371
1.10297 -3.28079
1.07016 -3.492
1.03524 -3.69693
0.998276 -3.89517
0.959324 -4.08633
0.918461 -4.27004
0.87576 -4.44592
0.831301 -4.61362
0.785165 -4.77281
0.737437 -4.92316
0.688205 -5.06438
0.637561 -5.19617
0.5856 -5.31826
0.532417 -5.43039
0.478113 -5.53235
0.42279 -5.6239
0.366551 -5.70487
0.309502 -5.77506
0.251751 -5.83433
0.193408 -5.88253
0.134583 -5.91957
0.075387 -5.94534
0.0159336 -5.95978
-0.0436642 -5.96283
-0.103292 -5.95447
-0.162837 -5.93469
-0.222184 -5.90351
-0.281219 -5.86096
-0.339829 -5.80711
-0.3979 -5.74203
-0.45532 -5.66584
-0.511978 -5.57865
-0.567765 -5.48061
-0.622571 -5.37188
-0.67629 -5.25266
-0.728816 -5.12316
-0.780048 -4.98359
-0.829884 -4.83422
-0.878226 -4.6753
-0.924979 -4.50713
-0.97005 -4.33
-1.01335 -4.14424
-1.05479 -3.95019
-1.09429 -3.7482
-1.13178 -3.53865
-1.16716 -3.32193
-1.20038 -3.09842
-1.23137 -2.86856
-1.26005 -2.63276
-1.28638 -2.39146
-1.31029 -2.14513
-1.33175 -1.89422
-1.35069 -1.6392
-1.36708 -1.38055
-1.38089 -1.11876
-1.39207 -0.85433
-1.40062 -0.587757
-1.40649 -0.319547
-1.40969 -0.0502124
-1.41019 0.219734
-1.40799 0.489777
-1.4031 0.759399
-1.3955 1.02808
-1.38522 1.29531
-1.37227 1.56057
-1.35666 1.82336
-1.33843 2.08315
-1.3176 2.33945
-1.2942 2.59176
-1.26829 2.83959
-1.23989 3.08246
-1.20907 3.31989
-1.17587 3.55142
-1.14035 3.77659
-1.10259 3.99496
-1.06264 4.2061
-1.02058 4.40959
-0.97648 4.60502
-0.930429 4.79201
-0.882509 4.97018
-0.832807 5.13918
-0.781416 5.29866
-0.728429 5.44829
-0.673946 5.58778
-0.618068 5.71684
-0.5609 5.83519
-0.502548 5.9426
-0.443122 6.03884
-0.382733 6.12369
-0.321497 6.19698
-0.259527 6.25855
-0.196941 6.30825
-0.133859 6.34596
-0.0703991 6.37159
-0.00668321 6.38507
0.0571675 6.38635
0.121031 6.37541
0.184785 6.35223
0.248307 6.31684
0.311476 6.2693
0.374169 6.20965
0.436265 6.138
0.497645 6.05446
0.55819 5.95916
0.617781 5.85227
0.676304 5.73397
0.733644 5.60446
0.789689 5.46397
0.844328 5.31275
0.897456 5.15107
0.948966 4.97921
0.998759 4.79749
1.04673 4.60623
1.0928 4.40579
1.13685 4.19653
1.17882 3.97883
1.21861 3.75309
1.25614 3.51974
1.29134 3.27919
1.32413 3.03191
1.35445 2.77835
1.38223 2.51898
1.40742 2.25429
1.42996 1.98478
1.44981 1.71095
1.46692 1.43332
1.48125 1.15241
1.49278 0.868764
1.50147 0.582907
1.50729 0.295385
1.51025 0.0067479
1.51032 -0.282455
1.50749 -0.571671
1.50177 -0.860346
1.49317 -1.14793
1.48169 -1.43386
1.46735 -1.71759
1.45018 -1.99858
1.43019 -2.27628
1.40743 -2.55016
1.38193 -2.81967
1.35373 -3.0843
1.32289 -3.34353
1.28945 -3.59686
1.25348 -3.84378
1.21505 -4.08381
1.17421 -4.31649
1.13104 -4.54134
1.08563 -4.75793
1.03805 -4.96582
0.988392 -5.1646
0.936746 -5.35387
0.883207 -5.53325
0.827875 -5.70238
0.770851 -5.86091
0.712242 -6.00852
0.652156 -6.14491
0.590707 -6.2698
0.528009 -6.38291
0.46418 -6.48402
0.39934 -6.57291
0.333611 -6.64938
0.267117 -6.71327
0.199984 -6.76442
0.13234 -6.80271
0.0643129 -6.82806
-0.00396764 -6.84037
-0.0723714 -6.83961
-0.140767 -6.82575
-0.209025 -6.7988
-0.277013 -6.75877
-0.344601 -6.70572
-0.411658 -6.63974
-0.478055 -6.56091
-0.543664 -6.46936
-0.608358 -6.36525
-0.672011 -6.24876
-0.734498 -6.12007
-0.795699 -5.97942
-0.855493 -5.82705
-0.913763 -5.66323
-0.970396 -5.48825
-1.02528 -5.30242
-1.0783 -5.10609
-1.12936 -4.8996
-1.17836 -4.68333
-1.22519 -4.45768
-1.26977 -4.22307
-1.312 -3.97991
-1.3518 -3.72867
-1.38909 -3.46981
-1.42378 -3.20381
-1.45582 -2.93117
-1.48513 -2.65239
-1.51166 -2.36799
-1.53534 -2.07852
-1.55612 -1.78451
-1.57397 -1.48652
-1.58883 -1.18512
-1.60068 -0.880866
-1.60949 -0.574345
-1.61524 -0.266138
-1.6179 0.0431701
-1.61747 0.352987
-1.61394 0.662722
-1.60731 0.971781
-1.59759 1.27957
-1.5848 1.5855
-1.56894 1.88898
-1.55005 2.18942
-1.52816 2.48625
-1.50329 2.77888
-1.47551 3.06675
-1.44484 3.3493
-1.41134 3.62598
-1.37509 3.89624
-1.33612 4.15956
-1.29453 4.41542
-1.25037 4.66331
-1.20374 4.90275
-1.15471 5.13326
-1.10338 5.35438
-1.04984 5.56567
-0.994179 5.76671
-0.936512 5.95709
-0.876941 6.13642
-0.815577 6.30435
-0.752533 6.46053
-0.687928 6.60464
-0.621882 6.73637
-0.554518 6.85546
-0.485963 6.96164
-0.416347 7.0547
-0.3458 7.13443
-0.274456 7.20065
-0.202449 7.2532
-0.129917 7.29197
-0.0569975 7.31685
0.016171 7.32777
0.0894487 7.32467
0.162695 7.30754
0.235771 7.27638
0.308535 7.23124
0.380847 7.17215
0.452569 7.09922
0.523561 7.01256
0.593686 6.9123
0.662809 6.79861
0.730796 6.67169
0.797512 6.53175
0.86283 6.37903
0.92662 6.2138
0.988758 6.03636
1.04912 5.84702
1.10759 5.64612
1.16405 5.43402
1.21839 5.21111
1.2705 4.9778
1.32028 4.7345
1.36763 4.48168
1.41244 4.21979
1.45464 3.94931
1.49414 3.67076
1.53084 3.38464
1.56469 3.09149
1.5956 2.79186
1.62352 2.48632
1.64839 2.17542
1.67014 1.85977
1.68874 1.53994
1.70414 1.21656
1.7163 0.89023
1.72521 0.561569
1.73082 0.231203
1.73313 -0.100238
